0,642
17,5
13,53
18,7
13,52
18,6
13,47
18,2
13,46
18,1
13,42
13,41
18,5
13,38
13,44
13,37
13,141
13,36
13,35
13,34
13,63
13,32
13,28
13,30
13,27
13,128
13,26
13,24
13,29
13,23
13,22
13,129
13,20
13,19
13,18
13,67
13,17
13,70
13,16
13,15
13,45
13,14
13,13
13,96
13,12
13,39
12,6
13,50
12,5
13,33
12,2
13,2
12,1
16,6
11,6
16,7
11,1
16,1
10,43
16,8
10,35
16,2
10,25
10,19
16,5
10,15
10,12
10,2
8,7
8,6
8,2
8,5
8,1
5,6
6,6
5,5
5,2
6,2
5,1
6,1
4,7
4,5
6,5
4,1
3,6
3,2
3,1
2,2
2,1
0,696
0,415
2,5
13,85
13,87
13,89
13,137
13,140
13,90
13,43
13,62
13,21
13,9
13,10
13,25
13,75
13,76
13,57
13,77
13,80
13,130
13,81
13,131
13,8
13,135
13,7
13,134
10,40
10,11
13,1
13,84
10,38
10,39
13,5
10,10
10,9
14,8
14,9
10,8
10,7
14,11
14,5
10,41
10,1
14,7
14,1
10,42
10,5
13,6
14,6
30,6
29,1
0,318
29,5
15,13
15,11
30,7
30,8
15,8
10,6
15,9
15,14
28,10
28,9
30,9
30,10
15,7
15,12
28,8
28,7
15,1
15,10
28,5
28,1
30,11
